integrations/pi/index.ts
  s_fc055f79654e23::t_fda6f3ae629fc0 61,66
src/cdp.ts
  s_fc055f79654e23::t_fda6f3ae629fc0 22,48,50,61,76,83,86,89,92,95,102,116,123,132,167,173,176,180,185,189,208,212,216,221,224,251,254,257,266,272,276,279,283,287,292,306,318,323,341,345,354,358,361,367,379,383,416,420,423,430,437,439,443,448,456,458,461,464,474,477,480,483,486,491,494,500,529,532,537,540,544,549,553,556,560,563,574,600,602,611,618,620,627
src/mcp.ts
  s_fc055f79654e23::t_fda6f3ae629fc0 20,75,82,88,91,94,97,100,114,127,135,142,146,151,154,156,159,166,168,172,177,180
integrations/opencode/jev-browse.ts
  s_fc055f79654e23::t_fda6f3ae629fc0 45,49
src/agent.ts
  s_fc055f79654e23::t_fda6f3ae629fc0 10,74,85,92,111,114,121,125,127,129,133,141,152,169,172,174,179,181,189,194,196,201,207,241,277,279,297
src/snapshot-loader.ts
  s_fc055f79654e23::t_fda6f3ae629fc0 16,20
src/cli.ts
  s_fc055f79654e23::t_fda6f3ae629fc0 31,40,45,49,54,58,67,86,90,117,123,132,153,161,164,176,179,198,204,212,218,230,235,237,251,263
src/snapshot.js
  s_fc055f79654e23::t_fda6f3ae629fc0 4,7-9,11,14,17,22,25,33,36,41,44,47,49,51,53,55,57,60,62,64,66,68,72,74,77,84,90,92,95,101,105,107,111,115,118,121,123,125,134,137,139,142,145,149,153,160,164,167,170,175,178,182,185,189,191,196,200
src/model.ts
  s_fc055f79654e23::t_fda6f3ae629fc0 16,26,31,35,38,55,60,66,71,83,93,98,101,106,110,114,119,122,126,129,134,137,163,171,173,175,187,190,202,211,236,243,251,283,289,292,296,300,311,313,317,329
src/abrowser.ts
  s_fc055f79654e23::t_fda6f3ae629fc0 18,22,24,29,31,42,70,75,89,95,99,108,115,122,126,132,135,143,155,158,162,166,169,171,179,182,185,193,220,224,232,239,246,248,252,255,263,265,268,271,275,278,281,284,288,291,294,296,313,318,321,323,342,349,351,357,363,371,373,376,381,384,389,397,400
src/env.ts
  s_fc055f79654e23::t_fda6f3ae629fc0 13,19,22,25,29,36,44,50
scripts/install.mjs
  s_fc055f79654e23::t_fda6f3ae629fc0 35,37,73,82,93,101,104,107,111,121,144,164,167,170,174,178,183,200,205,210,215
---
{
  "schema_version": "authorship/3.0.0",
  "git_ai_version": "1.7.5",
  "base_commit_sha": "d97b024f106d82bee2acd4280a8839d0c4696e59",
  "prompts": {},
  "sessions": {
    "s_fc055f79654e23": {
      "agent_id": {
        "tool": "pi",
        "id": "01a0b695-dd0f-74ad-8dad-3ac02550b7c8",
        "model": "swe-2"
      },
      "human_author": "Pedro Guimarães <21346846+0x7067@users.noreply.github.com>"
    }
  }
}